0.03667276638
-0.008836800995
0.05104458999
0.1062916435
0.07818715366
-0.006432379819
0.01579786518
0.01543269746
-0.005521350132
0.08595346971
0.05980522627
0.08950521645
-0.0795680985
0.0120515473
0.03565565806
0.006706537165
-0.008621671932
-0.08426592543
0.05474110209
-0.004061785171
-0.04330655605
0.08546586107
0.0002914182825
-0.009911234299
0.05507467716
0.003910870966
-0.09851154145
-0.00160744191
-0.001810423847
0.001131198355
0.01694851017
0.05551836447
0.01703996716
0.005736624393
-0.01548882523
0.04272361635
0.01353226524
0.02947895844
0.01526792237
-0.0467856694
0.05577099143
-0.02025829161
0.03985884358
-0.05073548117
-0.0191543364
-0.01255946057
-0.06101740426
-0.06389767127
0.02109389711
0.007582812178
0.02273939139
-0.01974274995
0.04031943363
0.06447157217
0.03931040876
0.02214705886
-0.02200007451
0.03348380095
0.02775942016
0.0297178827
0.05162667888
0.06587947565
-0.01409078922
0.003333260982
0.09634694569
0.03115603037
0.05944717121
0.04068307099
0.09707600096
0.01206472262
0.03058403011
0.006115650803
0.03299705279
0.01393185152
0.03126036858
0.03987887385
0.01972587008
0.03824859582
-0.01868913763
0.008017486761
0.03763558266
-0.0134948833
0.02482843039
0.01992626921
0.04216529552
0.01404463558
0.0008993730843
0.1308631164
0.03457416884
0.002413349644
-0.01137022835
0.09604824447
0.1054379093
-0.002407754829
0.08014236678
0.0009558975623
-0.03453357103
0.01704252053
0.01051082024
0.01020146955
-0.008778032511
-0.02605208109
0.05124866928
0.03809041253
-0.03729085443
0.00271114489
0.07557739233
0.03088884636
0.03857876187
0.05584261847
0.0399123732
0.05620837716
-0.065464443
0.002079613723
-0.01686623377
0.01245093385
0.09545947425
0.06022223612
-0.01250555411
0.0008813095206
0.03667276638
-0.008836800995
0.05104458999
0.1062916435
0.07818715366
-0.006432379819
0.01579786518
0.01543269746
-0.005521350132
0.08595346971
0.05980522627
0.08950521645
-0.0795680985
0.0120515473
0.03565565806
0.006706537165
-0.008621671932
-0.08426592543
0.05474110209
-0.004061785171
-0.04330655605
0.08546586107
0.0002914182825
-0.009911234299
0.05507467716
0.003910870966
-0.09851154145
-0.00160744191
-0.001810423847
0.001131198355
0.01694851017
0.05551836447
0.01703996716
0.005736624393
-0.01548882523
0.04272361635
0.01353226524
0.02947895844
0.01526792237
-0.0467856694
0.05577099143
-0.02025829161
0.03985884358
-0.05073548117
-0.0191543364
-0.01255946057
-0.06101740426
-0.06389767127
0.02109389711
0.007582812178
0.02273939139
-0.01974274995
0.04031943363
0.06447157217
0.03931040876
0.02214705886
-0.02200007451
0.03348380095
0.02775942016
0.0297178827
0.05162667888
0.06587947565
-0.01409078922
0.003333260982
0.09634694569
0.03115603037
0.05944717121
0.04068307099
0.09707600096
0.01206472262
0.03058403011
0.006115650803
0.03299705279
0.01393185152
0.03126036858
0.03987887385
0.01972587008
0.03824859582
-0.01868913763
0.008017486761
0.03763558266
-0.0134948833
0.02482843039
0.01992626921
0.04216529552
0.01404463558
0.0008993730843
0.1308631164
0.03457416884
0.002413349644
-0.01137022835
0.09604824447
0.1054379093
-0.002407754829
0.08014236678
0.0009558975623
-0.03453357103
0.01704252053
0.01051082024
0.01020146955
-0.008778032511
-0.02605208109
0.05124866928
0.03809041253
-0.03729085443
0.00271114489
0.07557739233
0.03088884636
0.03857876187
0.05584261847
0.0399123732
0.05620837716
-0.065464443
0.002079613723
-0.01686623377
0.01245093385
0.09545947425
0.06022223612
-0.01250555411
0.0008813095206
0.03667276638
-0.008836800995
0.05104458999
0.1062916435
0.07818715366
-0.006432379819
0.01579786518
0.01543269746
-0.005521350132
0.08595346971
0.05980522627
0.08950521645
-0.0795680985
0.0120515473
0.03565565806
0.006706537165
-0.008621671932
-0.08426592543
0.05474110209
-0.004061785171
-0.04330655605
0.08546586107
0.0002914182825
-0.009911234299
0.05507467716
0.003910870966
-0.09851154145
-0.00160744191
-0.001810423847
0.001131198355
0.01694851017
0.05551836447
0.01703996716
0.005736624393
-0.01548882523
0.04272361635
0.01353226524
0.02947895844
0.01526792237
-0.0467856694
0.05577099143
-0.02025829161
0.03985884358
-0.05073548117
-0.0191543364
-0.01255946057
-0.06101740426
-0.06389767127
0.02109389711
0.007582812178
0.02273939139
-0.01974274995
0.04031943363
0.06447157217
0.03931040876
0.02214705886
-0.02200007451
0.03348380095
0.02775942016
0.0297178827
0.05162667888
0.06587947565
-0.01409078922
0.003333260982
0.09634694569
0.03115603037
0.05944717121
0.04068307099
0.09707600096
0.01206472262
0.03058403011
0.006115650803
0.03299705279
0.01393185152
0.03126036858
0.03987887385
0.01972587008
0.03824859582
-0.01868913763
0.008017486761
0.03763558266
-0.0134948833
0.02482843039
0.01992626921
0.04216529552
0.01404463558
0.0008993730843
0.1308631164
0.03457416884
0.002413349644
-0.01137022835
0.09604824447
0.1054379093
-0.002407754829
0.08014236678
0.0009558975623
-0.03453357103
0.01704252053
0.01051082024
0.01020146955
-0.008778032511
-0.02605208109
0.05124866928
0.03809041253
-0.03729085443
0.00271114489
0.07557739233
0.03088884636
0.03857876187
0.05584261847
0.0399123732
0.05620837716
-0.065464443
0.002079613723
-0.01686623377
0.01245093385
0.09545947425
0.06022223612
-0.01250555411
0.0008813095206
0.03667276638
-0.008836800995
0.05104458999
0.1062916435
0.07818715366
-0.006432379819
0.01579786518
0.01543269746
-0.005521350132
0.08595346971
0.05980522627
0.08950521645
-0.0795680985
0.0120515473
0.03565565806
0.006706537165
-0.008621671932
-0.08426592543
0.05474110209
-0.004061785171
-0.04330655605
0.08546586107
0.0002914182825
-0.009911234299
0.05507467716
0.003910870966
-0.09851154145
-0.00160744191
-0.001810423847
0.001131198355
0.01694851017
0.05551836447
0.01703996716
0.005736624393
-0.01548882523
0.04272361635
0.01353226524
0.02947895844
0.01526792237
-0.0467856694
0.05577099143
-0.02025829161
0.03985884358
-0.05073548117
-0.0191543364
-0.01255946057
-0.06101740426
-0.06389767127
0.02109389711
0.007582812178
0.02273939139
-0.01974274995
0.04031943363
0.06447157217
0.03931040876
0.02214705886
-0.02200007451
0.03348380095
0.02775942016
0.0297178827
0.05162667888
0.06587947565
-0.01409078922
0.003333260982
0.09634694569
0.03115603037
0.05944717121
0.04068307099
0.09707600096
0.01206472262
0.03058403011
0.006115650803
0.03299705279
0.01393185152
0.03126036858
0.03987887385
0.01972587008
0.03824859582
-0.01868913763
0.008017486761
0.03763558266
-0.0134948833
0.02482843039
0.01992626921
0.04216529552
0.01404463558
0.0008993730843
0.1308631164
0.03457416884
0.002413349644
-0.01137022835
0.09604824447
0.1054379093
-0.002407754829
0.08014236678
0.0009558975623
-0.03453357103
0.01704252053
0.01051082024
0.01020146955
-0.008778032511
-0.02605208109
0.05124866928
0.03809041253
-0.03729085443
0.00271114489
0.07557739233
0.03088884636
0.03857876187
0.05584261847
0.0399123732
0.05620837716
-0.065464443
0.002079613723
-0.01686623377
0.01245093385
0.09545947425
0.06022223612
-0.01250555411
0.0008813095206
0.03667276638
-0.008836800995
0.05104458999
0.1062916435
0.07818715366
-0.006432379819
0.01579786518
0.01543269746
-0.005521350132
0.08595346971
0.05980522627
0.08950521645
-0.0795680985
0.0120515473
0.03565565806
0.006706537165
-0.008621671932
-0.08426592543
0.05474110209
-0.004061785171
-0.04330655605
0.08546586107
0.0002914182825
-0.009911234299
0.05507467716
0.003910870966
-0.09851154145
-0.00160744191
-0.001810423847
0.001131198355
0.01694851017
0.05551836447
0.01703996716
0.005736624393
-0.01548882523
0.04272361635
0.01353226524
0.02947895844
0.01526792237
-0.0467856694
0.05577099143
-0.02025829161
0.03985884358
-0.05073548117
-0.0191543364
-0.01255946057
-0.06101740426
-0.06389767127
0.02109389711
0.007582812178
0.02273939139
-0.01974274995
0.04031943363
0.06447157217
0.03931040876
0.02214705886
-0.02200007451
0.03348380095
0.02775942016
0.0297178827
0.05162667888
0.06587947565
-0.01409078922
0.003333260982
0.09634694569
0.03115603037
0.05944717121
0.04068307099
0.09707600096
0.01206472262
0.03058403011
0.006115650803
0.03299705279
0.01393185152
0.03126036858
0.03987887385
0.01972587008
0.03824859582
-0.01868913763
0.008017486761
0.03763558266
-0.0134948833
0.02482843039
0.01992626921
0.04216529552
0.01404463558
0.0008993730843
0.1308631164
0.03457416884
0.002413349644
-0.01137022835
0.09604824447
0.1054379093
-0.002407754829
0.08014236678
0.0009558975623
-0.03453357103
0.01704252053
0.01051082024
0.01020146955
-0.008778032511
-0.02605208109
0.05124866928
0.03809041253
-0.03729085443
0.00271114489
0.07557739233
0.03088884636
0.03857876187
0.05584261847
0.0399123732
0.05620837716
-0.065464443
0.002079613723
-0.01686623377
0.01245093385
0.09545947425
0.06022223612
-0.01250555411
0.0008813095206
0.03667276638
-0.008836800995
0.05104458999
0.1062916435
0.07818715366
-0.006432379819
0.01579786518
0.01543269746
-0.005521350132
0.08595346971
0.05980522627
0.08950521645
-0.0795680985
0.0120515473
0.03565565806
0.006706537165
-0.008621671932
-0.08426592543
0.05474110209
-0.004061785171
-0.04330655605
0.08546586107
0.0002914182825
-0.009911234299
0.05507467716
0.003910870966
-0.09851154145
-0.00160744191
-0.001810423847
0.001131198355
0.01694851017
0.05551836447
0.01703996716
0.005736624393
-0.01548882523
0.04272361635
0.01353226524
0.02947895844
0.01526792237
-0.0467856694
0.05577099143
-0.02025829161
0.03985884358
-0.05073548117
-0.0191543364
-0.01255946057
-0.06101740426
-0.06389767127
0.02109389711
0.007582812178
0.02273939139
-0.01974274995
0.04031943363
0.06447157217
0.03931040876
0.02214705886
-0.02200007451
0.03348380095
0.02775942016
0.0297178827
0.05162667888
0.06587947565
-0.01409078922
0.003333260982
0.09634694569
0.03115603037
0.05944717121
0.04068307099
0.09707600096
0.01206472262
0.03058403011
0.006115650803
0.03299705279
0.01393185152
0.03126036858
0.03987887385
0.01972587008
0.03824859582
-0.01868913763
0.008017486761
0.03763558266
-0.0134948833
0.02482843039
0.01992626921
0.04216529552
0.01404463558
0.0008993730843
0.1308631164
0.03457416884
0.002413349644
-0.01137022835
0.09604824447
0.1054379093
-0.002407754829
0.08014236678
0.0009558975623
-0.03453357103
0.01704252053
0.01051082024
0.01020146955
-0.008778032511
-0.02605208109
0.05124866928
0.03809041253
-0.03729085443
0.00271114489
0.07557739233
0.03088884636
0.03857876187
0.05584261847
0.0399123732
0.05620837716
-0.065464443
0.002079613723
-0.01686623377
0.01245093385
0.09545947425
0.06022223612
-0.01250555411
0.0008813095206
0.03667276638
-0.008836800995
0.05104458999
0.1062916435
0.07818715366
-0.006432379819
0.01579786518
0.01543269746
-0.005521350132
0.08595346971
0.05980522627
0.08950521645
-0.0795680985
0.0120515473
0.03565565806
0.006706537165
-0.008621671932
-0.08426592543
0.05474110209
-0.004061785171
-0.04330655605
0.08546586107
0.0002914182825
-0.009911234299
0.05507467716
0.003910870966
-0.09851154145
-0.00160744191
-0.001810423847
0.001131198355
0.01694851017
0.05551836447
0.01703996716
0.005736624393
-0.01548882523
0.04272361635
0.01353226524
0.02947895844
0.01526792237
-0.0467856694
0.05577099143
-0.02025829161
0.03985884358
-0.05073548117
-0.0191543364
-0.01255946057
-0.06101740426
-0.06389767127
0.02109389711
0.007582812178
0.02273939139
-0.01974274995
0.04031943363
0.06447157217
0.03931040876
0.02214705886
-0.02200007451
0.03348380095
0.02775942016
0.0297178827
0.05162667888
0.06587947565
-0.01409078922
0.003333260982
0.09634694569
0.03115603037
0.05944717121
0.04068307099
0.09707600096
0.01206472262
0.03058403011
0.006115650803
0.03299705279
0.01393185152
0.03126036858
0.03987887385
0.01972587008
0.03824859582
-0.01868913763
0.008017486761
0.03763558266
-0.0134948833
0.02482843039
0.01992626921
0.04216529552
0.01404463558
0.0008993730843
0.1308631164
0.03457416884
0.002413349644
-0.01137022835
0.09604824447
0.1054379093
-0.002407754829
0.08014236678
0.0009558975623
-0.03453357103
0.01704252053
0.01051082024
0.01020146955
-0.008778032511
-0.02605208109
0.05124866928
0.03809041253
-0.03729085443
0.00271114489
0.07557739233
0.03088884636
0.03857876187
0.05584261847
0.0399123732
0.05620837716
-0.065464443
0.002079613723
-0.01686623377
0.01245093385
0.09545947425
0.06022223612
-0.01250555411
0.0008813095206
0.03667276638
-0.008836800995
0.05104458999
0.1062916435
0.07818715366
-0.006432379819
0.01579786518
0.01543269746
-0.005521350132
0.08595346971
0.05980522627
0.08950521645
-0.0795680985
0.0120515473
0.03565565806
0.006706537165
-0.008621671932
-0.08426592543
0.05474110209
-0.004061785171
-0.04330655605
0.08546586107
0.0002914182825
-0.009911234299
0.05507467716
0.003910870966
-0.09851154145
-0.00160744191
-0.001810423847
0.001131198355
0.01694851017
0.05551836447
0.01703996716
0.005736624393
-0.01548882523
0.04272361635
0.01353226524
0.02947895844
0.01526792237
-0.0467856694
0.05577099143
-0.02025829161
0.03985884358
-0.05073548117
-0.0191543364
-0.01255946057
-0.06101740426
-0.06389767127
0.02109389711
0.007582812178
0.02273939139
-0.01974274995
0.04031943363
0.06447157217
0.03931040876
0.02214705886
-0.02200007451
0.03348380095
0.02775942016
0.0297178827
0.05162667888
0.06587947565
-0.01409078922
0.003333260982
0.09634694569
0.03115603037
0.05944717121
0.04068307099
0.09707600096
0.01206472262
0.03058403011
0.006115650803
0.03299705279
0.01393185152
0.03126036858
0.03987887385
0.01972587008
0.03824859582
-0.01868913763
0.008017486761
0.03763558266
-0.0134948833
0.02482843039
0.01992626921
0.04216529552
0.01404463558
0.0008993730843
0.1308631164
0.03457416884
0.002413349644
-0.01137022835
0.09604824447
0.1054379093
-0.002407754829
0.08014236678
0.0009558975623
-0.03453357103
0.01704252053
0.01051082024
0.01020146955
-0.008778032511
-0.02605208109
0.05124866928
0.03809041253
-0.03729085443
0.00271114489
0.07557739233
0.03088884636
0.03857876187
0.05584261847
0.0399123732
0.05620837716
-0.065464443
0.002079613723
-0.01686623377
0.01245093385
0.09545947425
0.06022223612
-0.01250555411
0.0008813095206
0.03667276638
-0.008836800995
0.05104458999
0.1062916435
0.07818715366
-0.006432379819
0.01579786518
0.01543269746
-0.005521350132
0.08595346971
0.05980522627
0.08950521645
-0.0795680985
0.0120515473
0.03565565806
0.006706537165
-0.008621671932
-0.08426592543
0.05474110209
-0.004061785171
-0.04330655605
0.08546586107
0.0002914182825
-0.009911234299
0.05507467716
0.003910870966
-0.09851154145
-0.00160744191
-0.001810423847
0.001131198355
0.01694851017
0.05551836447
0.01703996716
0.005736624393
-0.01548882523
0.04272361635
0.01353226524
0.02947895844
0.01526792237
-0.0467856694
0.05577099143
-0.02025829161
0.03985884358
-0.05073548117
-0.0191543364
-0.01255946057
-0.06101740426
-0.06389767127
0.02109389711
0.007582812178
0.02273939139
-0.01974274995
0.04031943363
0.06447157217
0.03931040876
0.02214705886
-0.02200007451
0.03348380095
0.02775942016
0.0297178827
0.05162667888
0.06587947565
-0.01409078922
0.003333260982
0.09634694569
0.03115603037
0.05944717121
0.04068307099
0.09707600096
0.01206472262
0.03058403011
0.006115650803
0.03299705279
0.01393185152
0.03126036858
0.03987887385
0.01972587008
0.03824859582
-0.01868913763
0.008017486761
0.03763558266
-0.0134948833
0.02482843039
0.01992626921
0.04216529552
0.01404463558
0.0008993730843
0.1308631164
0.03457416884
0.002413349644
-0.01137022835
0.09604824447
0.1054379093
-0.002407754829
0.08014236678
0.0009558975623
-0.03453357103
0.01704252053
0.01051082024
0.01020146955
-0.008778032511
-0.02605208109
0.05124866928
0.03809041253
-0.03729085443
0.00271114489
0.07557739233
0.03088884636
0.03857876187
0.05584261847
0.0399123732
0.05620837716
-0.065464443
0.002079613723
-0.01686623377
0.01245093385
0.09545947425
0.06022223612
-0.01250555411
0.0008813095206
0.03667276638
-0.008836800995
0.05104458999
0.1062916435
0.07818715366
-0.006432379819
0.01579786518
0.01543269746
-0.005521350132
0.08595346971
0.05980522627
0.08950521645
-0.0795680985
0.0120515473
0.03565565806
0.006706537165
-0.008621671932
-0.08426592543
0.05474110209
-0.004061785171
-0.04330655605
0.08546586107
0.0002914182825
-0.009911234299
0.05507467716
0.003910870966
-0.09851154145
-0.00160744191
-0.001810423847
0.001131198355
0.01694851017
0.05551836447
0.01703996716
0.005736624393
-0.01548882523
0.04272361635
0.01353226524
0.02947895844
0.01526792237
-0.0467856694
0.05577099143
-0.02025829161
0.03985884358
-0.05073548117
-0.0191543364
-0.01255946057
-0.06101740426
-0.06389767127
0.02109389711
0.007582812178
0.02273939139
-0.01974274995
0.04031943363
0.06447157217
0.03931040876
0.02214705886
-0.02200007451
0.03348380095
0.02775942016
0.0297178827
0.05162667888
0.06587947565
-0.01409078922
0.003333260982
0.09634694569
0.03115603037
0.05944717121
0.04068307099
0.09707600096
0.01206472262
0.03058403011
0.006115650803
0.03299705279
0.01393185152
0.03126036858
0.03987887385
0.01972587008
0.03824859582
-0.01868913763
0.008017486761
0.03763558266
-0.0134948833
0.02482843039
0.01992626921
0.04216529552
0.01404463558
0.0008993730843
0.1308631164
0.03457416884
0.002413349644
-0.01137022835
0.09604824447
0.1054379093
-0.002407754829
0.08014236678
0.0009558975623
-0.03453357103
0.01704252053
0.01051082024
0.01020146955
-0.008778032511
-0.02605208109
0.05124866928
0.03809041253
-0.03729085443
0.00271114489
0.07557739233
0.03088884636
0.03857876187
0.05584261847
0.0399123732
0.05620837716
-0.065464443
0.002079613723
-0.01686623377
0.01245093385
0.09545947425
0.06022223612
-0.01250555411
0.0008813095206
0.03667276638
-0.008836800995
0.05104458999
0.1062916435
0.07818715366
-0.006432379819
0.01579786518
0.01543269746
-0.005521350132
0.08595346971
0.05980522627
0.08950521645
-0.0795680985
0.0120515473
0.03565565806
0.006706537165
-0.008621671932
-0.08426592543
0.05474110209
-0.004061785171
-0.04330655605
0.08546586107
0.0002914182825
-0.009911234299
0.05507467716
0.003910870966
-0.09851154145
-0.00160744191
-0.001810423847
0.001131198355
0.01694851017
0.05551836447
0.01703996716
0.005736624393
-0.01548882523
0.04272361635
0.01353226524
0.02947895844
0.01526792237
-0.0467856694
0.05577099143
-0.02025829161
0.03985884358
-0.05073548117
-0.0191543364
-0.01255946057
-0.06101740426
-0.06389767127
0.02109389711
0.007582812178
0.02273939139
-0.01974274995
0.04031943363
0.06447157217
0.03931040876
0.02214705886
-0.02200007451
0.03348380095
0.02775942016
0.0297178827
0.05162667888
0.06587947565
-0.01409078922
0.003333260982
0.09634694569
0.03115603037
0.05944717121
0.04068307099
0.09707600096
0.01206472262
0.03058403011
0.006115650803
0.03299705279
0.01393185152
0.03126036858
0.03987887385
0.01972587008
0.03824859582
-0.01868913763
0.008017486761
0.03763558266
-0.0134948833
0.02482843039
0.01992626921
0.04216529552
0.01404463558
0.0008993730843
0.1308631164
0.03457416884
0.002413349644
-0.01137022835
0.09604824447
0.1054379093
-0.002407754829
0.08014236678
0.0009558975623
-0.03453357103
0.01704252053
0.01051082024
0.01020146955
-0.008778032511
-0.02605208109
0.05124866928
0.03809041253
-0.03729085443
0.00271114489
0.07557739233
0.03088884636
0.03857876187
0.05584261847
0.0399123732
0.05620837716
-0.065464443
0.002079613723
-0.01686623377
0.01245093385
0.09545947425
0.06022223612
-0.01250555411
0.0008813095206
0.03667276638
-0.008836800995
0.05104458999
0.1062916435
0.07818715366
-0.006432379819
0.01579786518
0.01543269746
-0.005521350132
0.08595346971
0.05980522627
0.08950521645
-0.0795680985
0.0120515473
0.03565565806
0.006706537165
-0.008621671932
-0.08426592543
0.05474110209
-0.004061785171
-0.04330655605
0.08546586107
0.0002914182825
-0.009911234299
0.05507467716
0.003910870966
-0.09851154145
-0.00160744191
-0.001810423847
0.001131198355
0.01694851017
0.05551836447
0.01703996716
0.005736624393
-0.01548882523
0.04272361635
0.01353226524
0.02947895844
0.01526792237
-0.0467856694
0.05577099143
-0.02025829161
0.03985884358
-0.05073548117
-0.0191543364
-0.01255946057
-0.06101740426
-0.06389767127
0.02109389711
0.007582812178
0.02273939139
-0.01974274995
0.04031943363
0.06447157217
0.03931040876
0.02214705886
-0.02200007451
0.03348380095
0.02775942016
0.0297178827
0.05162667888
0.06587947565
-0.01409078922
0.003333260982
0.09634694569
0.03115603037
0.05944717121
0.04068307099
0.09707600096
0.01206472262
0.03058403011
0.006115650803
0.03299705279
0.01393185152
0.03126036858
0.03987887385
0.01972587008
0.03824859582
-0.01868913763
0.008017486761
0.03763558266
-0.0134948833
0.02482843039
0.01992626921
0.04216529552
0.01404463558
0.0008993730843
0.1308631164
0.03457416884
0.002413349644
-0.01137022835
0.09604824447
0.1054379093
-0.002407754829
0.08014236678
0.0009558975623
-0.03453357103
0.01704252053
0.01051082024
0.01020146955
-0.008778032511
-0.02605208109
0.05124866928
0.03809041253
-0.03729085443
0.00271114489
0.07557739233
0.03088884636
0.03857876187
0.05584261847
0.0399123732
0.05620837716
-0.065464443
0.002079613723
-0.01686623377
0.01245093385
0.09545947425
0.06022223612
-0.01250555411
0.0008813095206
0.03667276638
-0.008836800995
0.05104458999
0.1062916435
0.07818715366
-0.006432379819
0.01579786518
0.01543269746
-0.005521350132
0.08595346971
0.05980522627
0.08950521645
-0.0795680985
0.0120515473
0.03565565806
0.006706537165
-0.008621671932
-0.08426592543
0.05474110209
-0.004061785171
-0.04330655605
0.08546586107
0.0002914182825
-0.009911234299
0.05507467716
0.003910870966
-0.09851154145
-0.00160744191
-0.001810423847
0.001131198355
0.01694851017
0.05551836447
0.01703996716
0.005736624393
-0.01548882523
0.04272361635
0.01353226524
0.02947895844
0.01526792237
-0.0467856694
0.05577099143
-0.02025829161
0.03985884358
-0.05073548117
-0.0191543364
-0.01255946057
-0.06101740426
-0.06389767127
0.02109389711
0.007582812178
0.02273939139
-0.01974274995
0.04031943363
0.06447157217
0.03931040876
0.02214705886
-0.02200007451
0.03348380095
0.02775942016
0.0297178827
0.05162667888
0.06587947565
-0.01409078922
0.003333260982
0.09634694569
0.03115603037
0.05944717121
0.04068307099
0.09707600096
0.01206472262
0.03058403011
0.006115650803
0.03299705279
0.01393185152
0.03126036858
0.03987887385
0.01972587008
0.03824859582
-0.01868913763
0.008017486761
0.03763558266
-0.0134948833
0.02482843039
0.01992626921
0.04216529552
0.01404463558
0.0008993730843
0.1308631164
0.03457416884
0.002413349644
-0.01137022835
0.09604824447
0.1054379093
-0.002407754829
0.08014236678
0.0009558975623
-0.03453357103
0.01704252053
0.01051082024
0.01020146955
-0.008778032511
-0.02605208109
0.05124866928
0.03809041253
-0.03729085443
0.00271114489
0.07557739233
0.03088884636
0.03857876187
0.05584261847
0.0399123732
0.05620837716
-0.065464443
0.002079613723
-0.01686623377
0.01245093385
0.09545947425
0.06022223612
-0.01250555411
0.0008813095206
0.03667276638
-0.008836800995
0.05104458999
0.1062916435
0.07818715366
-0.006432379819
0.01579786518
0.01543269746
-0.005521350132
0.08595346971
0.05980522627
0.08950521645
-0.0795680985
0.0120515473
0.03565565806
0.006706537165
-0.008621671932
-0.08426592543
0.05474110209
-0.004061785171
-0.04330655605
0.08546586107
0.0002914182825
-0.009911234299
0.05507467716
0.003910870966
-0.09851154145
-0.00160744191
-0.001810423847
0.001131198355
0.01694851017
0.05551836447
0.01703996716
0.005736624393
-0.01548882523
0.04272361635
0.01353226524
0.02947895844
0.01526792237
-0.0467856694
0.05577099143
-0.02025829161
0.03985884358
-0.05073548117
-0.0191543364
-0.01255946057
-0.06101740426
-0.06389767127
0.02109389711
0.007582812178
0.02273939139
-0.01974274995
0.04031943363
0.06447157217
0.03931040876
0.02214705886
-0.02200007451
0.03348380095
0.02775942016
0.0297178827
0.05162667888
0.06587947565
-0.01409078922
0.003333260982
0.09634694569
0.03115603037
0.05944717121
0.04068307099
0.09707600096
0.01206472262
0.03058403011
0.006115650803
0.03299705279
0.01393185152
0.03126036858
0.03987887385
0.01972587008
0.03824859582
-0.01868913763
0.008017486761
0.03763558266
-0.0134948833
0.02482843039
0.01992626921
0.04216529552
0.01404463558
0.0008993730843
0.1308631164
0.03457416884
0.002413349644
-0.01137022835
0.09604824447
0.1054379093
-0.002407754829
0.08014236678
0.0009558975623
-0.03453357103
0.01704252053
0.01051082024
0.01020146955
-0.008778032511
-0.02605208109
0.05124866928
0.03809041253
-0.03729085443
0.00271114489
0.07557739233
0.03088884636
0.03857876187
0.05584261847
0.0399123732
0.05620837716
-0.065464443
0.002079613723
-0.01686623377
0.01245093385
0.09545947425
0.06022223612
-0.01250555411
0.0008813095206
0.03667276638
-0.008836800995
0.05104458999
0.1062916435
0.07818715366
-0.006432379819
0.01579786518
0.01543269746
-0.005521350132
0.08595346971
0.05980522627
0.08950521645
-0.0795680985
0.0120515473
0.03565565806
0.006706537165
-0.008621671932
-0.08426592543
0.05474110209
-0.004061785171
-0.04330655605
0.08546586107
0.0002914182825
-0.009911234299
0.05507467716
0.003910870966
-0.09851154145
-0.00160744191
-0.001810423847
0.001131198355
0.01694851017
0.05551836447
0.01703996716
0.005736624393
-0.01548882523
0.04272361635
0.01353226524
0.02947895844
0.01526792237
-0.0467856694
0.05577099143
-0.02025829161
0.03985884358
-0.05073548117
-0.0191543364
-0.01255946057
-0.06101740426
-0.06389767127
0.02109389711
0.007582812178
0.02273939139
-0.01974274995
0.04031943363
0.06447157217
0.03931040876
0.02214705886
-0.02200007451
0.03348380095
0.02775942016
0.0297178827
0.05162667888
0.06587947565
-0.01409078922
0.003333260982
0.09634694569
0.03115603037
0.05944717121
0.04068307099
0.09707600096
0.01206472262
0.03058403011
0.006115650803
0.03299705279
0.01393185152
0.03126036858
0.03987887385
0.01972587008
0.03824859582
-0.01868913763
0.008017486761
0.03763558266
-0.0134948833
0.02482843039
0.01992626921
0.04216529552
0.01404463558
0.0008993730843
0.1308631164
0.03457416884
0.002413349644
-0.01137022835
0.09604824447
0.1054379093
-0.002407754829
0.08014236678
0.0009558975623
-0.03453357103
0.01704252053
0.01051082024
0.01020146955
-0.008778032511
-0.02605208109
0.05124866928
0.03809041253
-0.03729085443
0.00271114489
0.07557739233
0.03088884636
0.03857876187
0.05584261847
0.0399123732
0.05620837716
-0.065464443
0.002079613723
-0.01686623377
0.01245093385
0.09545947425
0.06022223612
-0.01250555411
0.0008813095206
0.03667276638
-0.008836800995
0.05104458999
0.1062916435
0.07818715366
-0.006432379819
0.01579786518
0.01543269746
-0.005521350132
0.08595346971
0.05980522627
0.08950521645
-0.0795680985
0.0120515473
0.03565565806
0.006706537165
-0.008621671932
-0.08426592543
0.05474110209
-0.004061785171
-0.04330655605
0.08546586107
0.0002914182825
-0.009911234299
0.05507467716
0.003910870966
-0.09851154145
-0.00160744191
-0.001810423847
0.001131198355
0.01694851017
0.05551836447
0.01703996716
0.005736624393
-0.01548882523
0.04272361635
0.01353226524
0.02947895844
0.01526792237
-0.0467856694
0.05577099143
-0.02025829161
0.03985884358
-0.05073548117
-0.0191543364
-0.01255946057
-0.06101740426
-0.06389767127
0.02109389711
0.007582812178
0.02273939139
-0.01974274995
0.04031943363
0.06447157217
0.03931040876
0.02214705886
-0.02200007451
0.03348380095
0.02775942016
0.0297178827
0.05162667888
0.06587947565
-0.01409078922
0.003333260982
0.09634694569
0.03115603037
0.05944717121
0.04068307099
0.09707600096
0.01206472262
0.03058403011
0.006115650803
0.03299705279
0.01393185152
0.03126036858
0.03987887385
0.01972587008
0.03824859582
-0.01868913763
0.008017486761
0.03763558266
-0.0134948833
0.02482843039
0.01992626921
0.04216529552
0.01404463558
0.0008993730843
0.1308631164
0.03457416884
0.002413349644
-0.01137022835
0.09604824447
0.1054379093
-0.002407754829
0.08014236678
0.0009558975623
-0.03453357103
0.01704252053
0.01051082024
0.01020146955
-0.008778032511
-0.02605208109
0.05124866928
0.03809041253
-0.03729085443
0.00271114489
0.07557739233
0.03088884636
0.03857876187
0.05584261847
0.0399123732
0.05620837716
-0.065464443
0.002079613723
-0.01686623377
0.01245093385
0.09545947425
0.06022223612
-0.01250555411
0.0008813095206